1.733255638923488495e-01 -7.514062415166207209e-01 -6.366686022659394650e-01
9.637227183398638930e-01 1.580733006961578813e-01 2.150612790872531710e-01
-2.513538632225634228e-01 -2.499531128511242317e-01 9.350639961088897945e-01
7.772245910206808661e-01 -2.679461459100374032e-02 6.286525143047269060e-01
4.997510511982364290e-01 -2.800535710285911306e-01 -8.196455844939273261e-01
-5.177575977824279141e-01 -6.473859188256438912e-01 5.593018344729853153e-01
7.224223629307858774e-01 2.540459905384404027e-01 -6.430914120316351124e-01
-3.785146269497339788e-01 -1.110954760980614742e-01 -9.189039516596109181e-01
7.078850512600463052e-01 -1.078813582125534298e-01 -6.980403761622793191e-01
9.044797147571128626e-01 7.361229000260743893e-02 4.201162652807715614e-01
-3.210195283115325759e-01 -7.258426891337662612e-01 -6.083575043292422935e-01
7.754202619482367664e-01 1.982940501973969039e-01 -5.995021993424547446e-01
1.249338147457928760e-01 -9.766120522450402186e-01 1.749869747803952102e-01
-9.588807835025648929e-01 3.958821774012211830e-02 -2.810345460004305407e-01
1.468491000221312515e-01 -9.534953627508556684e-01 -2.632146178222336541e-01
-5.264306621540980613e-01 -8.304985982198331840e-01 1.820517407191976911e-01
7.216375923130873282e-01 3.319047182304538657e-01 6.075182658792518398e-01
5.678803583166345259e-01 -4.349091101848161500e-01 -6.988318571132988710e-01
-2.141858981404035078e-01 -4.527254526070705332e-01 -8.655426422768042194e-01
9.321625502395116669e-01 1.234346801822459733e-01 -3.403481447860063902e-01
4.393355406344010006e-01 -4.738157277339716811e-01 -7.632056989353561693e-01
-9.644038186621456399e-01 -2.640599415702796771e-01 1.405780238059003637e-02
5.858971890388521564e-02 7.762852438397220833e-01 6.276531407038978827e-01
-9.053243844451952516e-01 -1.887242735994053844e-01 -3.804877231702820106e-01
5.957423691732541826e-01 -7.303953787318127056e-01 -3.340862467972156580e-01
-2.386313553962111922e-01 -3.876359947706146114e-01 -8.903894719615473852e-01
4.115172808107017133e-01 -3.585084434738934345e-01 8.379291280007469256e-01
-4.082606844282866132e-01 8.250913187621830014e-01 3.905733340275917009e-01
-7.028740143481676528e-02 -9.972493650085143546e-01 -2.352414057209941886e-02
-8.171565151082779144e-01 -5.415376502323191454e-01 -1.974644352711474038e-01
-9.525049896717681097e-01 3.040658015205989217e-01 -1.668031762349796165e-02
6.475465396790748285e-01 1.706009457219290898e-02 -7.618349113310863840e-01
-5.433263736610412231e-02 9.376759227889241988e-02 -9.941104582263797784e-01
-4.697522768475705379e-01 5.735838235472675573e-01 6.710695908483861327e-01
-3.846936799595410128e-01 3.804572918846340635e-01 8.409893112584706509e-01
4.117788845600026115e-01 -1.914096139700948163e-01 8.909548304545743536e-01
-4.532381953985349932e-01 4.987350341059871850e-01 -7.388088413027954493e-01
7.881016606361621601e-01 -2.287007175886012211e-01 -5.714820682024782661e-01
-2.271480761534570847e-01 -9.728505623760519416e-01 4.433435219311118031e-02
-8.471363581426272216e-01 -2.187111052815428891e-01 4.842782703563853208e-01
-1.993306962327225929e-01 -1.466757708847288011e-01 -9.688929206959603357e-01
7.960803537583864831e-01 -3.070205788537368474e-01 5.215308567287640917e-01
-3.350231313990364446e-01 1.953652448569671018e-01 -9.217331080793188525e-01
-3.923685691687614496e-01 -4.411023418884584268e-01 -8.071404028475940295e-01
4.412769557770445106e-01 -8.973447782308842102e-01 -6.855456360401518748e-03
-4.620459423434495339e-01 8.698777843069698257e-01 -1.727025985130238583e-01
-3.534923833584320274e-01 9.351941980398944532e-01 2.132948335272092169e-02
1.283544825249802457e-01 7.759552445304465085e-01 6.175909530599030806e-01
8.397214881232316630e-01 -4.456256417083193089e-02 5.411857354537585874e-01
5.554803932209261275e-01 -7.115425788352245373e-01 -4.302890787036589559e-01
